T_avg:	2.5067210992865543
P_avg:	0.0
H_avg:	-665.3874188125299
