T_avg:	2.5067210992865543
P_avg:	0.0
H_avg:	-669.2932627970682
